tensor([0.9735, 0.7160, 0.5518, 0.8753, 0.9544, 0.9616, 0.9802, 0.8900, 0.6906,
        0.8170, 0.8371, 0.9134, 0.7074, 0.7631, 0.7623, 0.9328, 0.8966, 0.8491,
        0.9007, 0.8151, 0.9683, 0.6998, 0.8079, 0.8437, 0.8495, 0.9331, 0.7825,
        0.8046, 0.9119, 0.8679, 0.9864, 0.8605, 0.8032, 0.9489, 0.9969, 0.4524,
        0.5779, 0.9446, 0.8051, 0.8920, 0.9764, 0.7145, 0.9105, 0.8244, 0.9464,
        0.8987, 0.8250, 0.8888, 0.7207, 0.9919, 0.9512, 0.7157, 0.8285, 0.8222,
        0.7730, 0.6551, 0.9651, 0.9231, 0.9764, 0.9533, 0.8742, 0.6747, 0.8878,
        0.8215, 0.7654, 0.9672, 0.8802, 0.9890, 0.8609, 0.4081, 0.9784, 0.7645,
        0.8751, 0.9673, 0.7718, 0.8953, 0.8746, 0.8005, 0.8089, 0.9945])
* Test
Loss: 0.1566     mAP: 0.8456    Data_time: 0.0401        Batch_time: 1.6352
OP: 0.866        OR: 0.763       OF1: 0.812     CP: 0.863        CR: 0.730       CF1: 0.791
OP_3: 0.912      OR_3: 0.669     OF1_3: 0.772   CP_3: 0.901      CR_3: 0.643     CF1_3: 0.750